0.365475 0.0148902
0.396673 0.0154838
0.407634 0.0163057
0.450251 0.0172304
0.479291 0.00903606
0.60796 0.00923502
0.490244 0.0178185
0.509811 0.018411
0.530279 0.0189554
0.576109 0.0204147
0.635428 0.0110878
0.780875 0.0113915
0.518828 0.0189887
0.545606 0.0190778
0.584894 0.0209211
0.596762 0.0213916
0.666122 0.0116588
0.813662 0.0118284
0.521816 0.0190284
0.556838 0.0198255
0.602184 0.0213646
0.620751 0.0219612
0.716661 0.0124776
0.846844 0.0123524
0.41181 0.0165708
0.449957 0.0171668
0.454594 0.0177769
0.484179 0.0185837
0.576519 0.0106836
0.695276 0.0105526
0.436415 0.0171625
0.474949 0.0179231
0.519949 0.0194753
0.51555 0.0191264
0.586655 0.0109386
0.710482 0.0104472
0.436143 0.0172751
0.468731 0.0185641
0.49713 0.0198605
0.509799 0.0200164
0.560407 0.0109209
0.688956 0.0104563
0.455265 0.0193718
0.448684 0.018745
0.492027 0.0207026
0.50025 0.0210952
0.569126 0.0117951
0.682566 0.0107146
0.29208 0.0172882
0.337892 0.0194354
0.400224 0.0239052
0.427806 0.0255624
0.468375 0.0161461
0.585367 0.0206123
0.254911 0.0178033
0.266096 0.017752
0.327222 0.0220727
0.364404 0.0244061
0.397604 0.0149346
0.513918 0.0186992
