0.423564 0.0164512
0.429405 0.0163444
0.431364 0.0169437
0.467157 0.0176739
0.490765 0.00918651
0.609435 0.0092535
0.546811 0.0192539
0.559625 0.0196764
0.564708 0.0198234
0.602295 0.0210786
0.649488 0.0112669
0.782646 0.0114135
0.585303 0.0207
0.595929 0.0203323
0.622847 0.0218928
0.629796 0.022242
0.681661 0.0118587
0.815449 0.0118506
0.579123 0.0205014
0.601912 0.020972
0.63592 0.022226
0.653198 0.0227915
0.730355 0.0126548
0.848643 0.0123749
0.459655 0.0178687
0.480277 0.017963
0.478955 0.0184291
0.509456 0.0192552
0.58752 0.0108295
0.696393 0.0105667
0.47752 0.0182478
0.499566 0.0185583
0.544818 0.0201106
0.529022 0.0194674
0.596464 0.0110684
0.711258 0.0104565
0.469863 0.0181726
0.49154 0.0191794
0.513973 0.0203158
0.52332 0.0203774
0.567603 0.0110194
0.689677 0.0104651
0.475405 0.0199514
0.468895 0.019315
0.506117 0.0211028
0.50998 0.0213731
0.575086 0.0118819
0.683692 0.0107288
0.307044 0.0179129
0.351507 0.0200006
0.413245 0.0244956
0.434277 0.0258579
0.472728 0.0162744
0.585764 0.0206256
0.262217 0.0181462
0.275868 0.0181959
0.336381 0.0225171
0.368827 0.0246221
0.402561 0.0150864
0.514223 0.0187095
