0.394256 0.0154663
0.427911 0.0160262
0.422857 0.0162625
0.467066 0.0171195
0.481216 0.00860064
0.615967 0.00704311
0.52885 0.0183202
0.549958 0.0189171
0.550082 0.0187091
0.597623 0.0201309
0.63798 0.0104535
0.79116 0.00840325
0.559685 0.019537
0.588571 0.0195353
0.606737 0.0206507
0.619048 0.0211198
0.668797 0.0109963
0.824379 0.0086983
0.562908 0.0195706
0.600688 0.0203404
0.624672 0.0210703
0.643933 0.0216521
0.719539 0.0117603
0.857998 0.00911108
0.44424 0.0171949
0.48539 0.0177322
0.47157 0.0176962
0.50226 0.018469
0.578835 0.0101487
0.704434 0.00804284
0.479577 0.0184655
0.521922 0.019248
0.543311 0.0200876
0.538714 0.0197227
0.601697 0.0108082
0.733211 0.00852599
0.479278 0.0185924
0.51509 0.0199796
0.519467 0.0205175
0.532705 0.0206701
0.574777 0.010826
0.710997 0.00868874
0.500291 0.0209081
0.493059 0.0202177
0.514134 0.0214117
0.522727 0.0218188
0.583719 0.0117402
0.704403 0.0090595
0.327078 0.0170565
0.378378 0.0190114
0.408392 0.0200554
0.436537 0.0214497
0.488399 0.0110551
0.589493 0.00866243
0.285455 0.0182642
0.29798 0.0180434
0.3339 0.0194528
0.371841 0.0214566
0.414603 0.0112392
0.517541 0.00896272
