0.456919 0.0170201
0.46322 0.0168792
0.447473 0.0168732
0.484602 0.0175419
0.492736 0.00873675
0.617462 0.00705492
0.589871 0.0197306
0.603694 0.0201604
0.585796 0.019528
0.624788 0.0207576
0.652097 0.0106139
0.792954 0.00841698
0.631395 0.0212225
0.642857 0.0207622
0.646107 0.0215696
0.653316 0.0219249
0.684399 0.0111757
0.82619 0.00871217
0.624728 0.0210211
0.649312 0.0214664
0.659668 0.0218844
0.677591 0.022437
0.733289 0.0119195
0.859821 0.00912523
0.495853 0.018488
0.518099 0.0185206
0.496841 0.0183194
0.528481 0.0191096
0.589879 0.0102808
0.705565 0.00805197
0.524748 0.0196082
0.548974 0.0199152
0.569297 0.0207348
0.552792 0.0200699
0.611758 0.0109323
0.734012 0.00853261
0.516333 0.019538
0.540153 0.0206285
0.537067 0.0209826
0.546834 0.0210387
0.582157 0.0109207
0.711741 0.00869518
0.522423 0.0215225
0.515269 0.0208212
0.528857 0.0218215
0.532895 0.0221034
0.589832 0.0118243
0.705565 0.00907006
0.343834 0.017598
0.393624 0.0194976
0.421678 0.020475
0.44314 0.0216609
0.492939 0.0111233
0.589893 0.00866646
0.293636 0.018583
0.308923 0.018449
0.343246 0.0197921
0.376354 0.0216219
0.419772 0.0113296
0.517848 0.00896628
