0.446557 0.01706
0.449667 0.0168724
0.44916 0.0174188
0.485711 0.0181581
0.501618 0.00932841
0.612288 0.00928924
0.574132 0.0199411
0.579083 0.0201672
0.588452 0.0204185
0.615389 0.0214094
0.661257 0.0114165
0.78658 0.0114624
0.612055 0.0213826
0.621279 0.02096
0.643088 0.0224085
0.649102 0.0227369
0.694934 0.012029
0.819372 0.0118994
0.604951 0.02116
0.623052 0.0215066
0.656161 0.0227407
0.671982 0.0232703
0.745274 0.0128475
0.853526 0.012436
0.480588 0.0184305
0.503321 0.0185638
0.492005 0.0187765
0.52253 0.0196008
0.597959 0.0109677
0.700009 0.0106125
0.491951 0.0186256
0.513573 0.0189178
0.557252 0.0204268
0.543393 0.0198298
0.604973 0.0111808
0.713475 0.0104832
0.484505 0.0185593
0.50178 0.0194543
0.524691 0.0206044
0.534838 0.0206839
0.573789 0.0111041
0.692564 0.0105006
0.490245 0.0203761
0.482032 0.0196836
0.512316 0.0212783
0.519138 0.0216339
0.580901 0.0119664
0.685414 0.0107505
0.31243 0.018137
0.36017 0.0203591
0.421469 0.0248678
0.444343 0.026317
0.47821 0.016436
0.587275 0.0206759
0.2679 0.018412
0.280378 0.0184
0.338046 0.0225977
0.374134 0.0248808
0.406279 0.0152003
0.515848 0.0187642
