0.396133 0.0157185
0.404077 0.0156794
0.4106 0.0163857
0.449015 0.0171978
0.478775 0.00902927
0.60491 0.00919681
0.512178 0.0183773
0.532383 0.0189861
0.530279 0.0189554
0.577336 0.0204459
0.633136 0.0110585
0.777088 0.0113445
0.556119 0.0199516
0.564524 0.0195508
0.592906 0.0211268
0.607058 0.0216572
0.664827 0.0116421
0.809342 0.0117746
0.542801 0.0195698
0.568805 0.0201308
0.608087 0.0215157
0.627582 0.0221363
0.709981 0.0123911
0.842733 0.012301
0.432315 0.0171296
0.459659 0.0174223
0.455899 0.017812
0.486794 0.0186534
0.573376 0.0106419
0.692671 0.0105196
0.454781 0.0176492
0.475798 0.0179451
0.516725 0.0193927
0.516448 0.0191492
0.585355 0.0109214
0.707267 0.0104084
0.455666 0.0177959
0.477575 0.0188032
0.499171 0.0199158
0.508297 0.0199762
0.558766 0.0108984
0.686069 0.0104208
0.457915 0.0194483
0.452221 0.018845
0.49259 0.0207186
0.497388 0.0210133
0.566364 0.0117549
0.680446 0.0106879
0.298664 0.0175635
0.33913 0.0194869
0.396797 0.0237496
0.426368 0.0254967
0.465473 0.0160605
0.583379 0.0205462
0.254099 0.0177651
0.269103 0.0178888
0.32972 0.022194
0.362635 0.0243197
0.398224 0.0149535
0.512598 0.0186548
