0.99    1.57
1.37    1.70
1.59    2.15
1.03    1.97
1.04    1.01
0.74    1.13
2.04    1.88
2.43    1.84
1.67    2.31
1.30    1.56
1.30    1.49
1.13    1.35
1.80    2.33
2.88    2.08
1.72    2.44
1.76    2.12
1.46    1.88
1.27    1.37
2.84    2.13
2.45    2.95
2.41    3.06
2.35    2.47
1.73    2.04
1.35    3.00
3.50    6.40
3.53    6.59
1.40    2.41
3.44    5.24
2.59    2.94
2.30    2.81
3.12    3.68
3.59    3.15
3.82    2.96
3.61    3.89
3.00    2.99
2.51    2.35
4.13    3.55
8.35    5.02
2.59    3.93
5.55    5.73
2.81    4.00
3.36    2.64
3.93    3.80
6.97    4.35
4.39    3.56
4.01    3.70
3.61    3.26
2.90    2.13
5.51    1.83
4.28    1.10
5.68    1.50
1.04    3.14
2.87    2.11
0.43    1.40
