0.06    0.06
0.19    0.18
0.19    0.23
0.13    0.20
0.10    0.09
0.08    0.10
0.03    0.03
0.17    0.18
0.17    0.19
0.14    0.14
0.10    0.11
0.11    0.12
0.02    0.02
0.24    0.17
0.16    0.20
0.19    0.20
0.09    0.12
0.12    0.13
0.06    0.06
0.21    0.26
0.20    0.24
0.21    0.22
0.12    0.13
0.12    0.17
0.07    0.08
0.32    0.47
0.34    0.32
0.27    0.30
0.15    0.16
0.17    0.18
0.12    0.13
0.33    0.32
0.34    0.28
0.38    0.35
0.19    0.19
0.16    0.15
0.11    0.11
0.60    0.44
0.38    0.39
0.50    0.57
0.24    0.26
0.15    0.11
0.15    0.14
0.65    0.41
0.42    0.36
0.49    0.45
0.25    0.26
0.14    0.08
0.07    0.06
0.41    0.25
0.47    0.24
0.35    0.28
0.18    0.14
0.14    0.09
