0.07    0.07
0.19    0.18
0.22    0.25
0.14    0.20
0.11    0.11
0.06    0.07
0.05    0.05
0.18    0.19
0.18    0.19
0.15    0.16
0.12    0.13
0.07    0.09
0.03    0.04
0.25    0.19
0.18    0.22
0.19    0.21
0.11    0.14
0.09    0.09
0.07    0.07
0.21    0.25
0.20    0.24
0.22    0.22
0.10    0.11
0.10    0.14
0.10    0.10
0.36    0.51
0.38    0.36
0.30    0.33
0.17    0.18
0.11    0.12
0.12    0.13
0.35    0.33
0.36    0.30
0.39    0.36
0.22    0.22
0.10    0.10
0.11    0.11
0.63    0.46
0.38    0.39
0.50    0.56
0.26    0.28
0.15    0.11
0.17    0.17
0.66    0.42
0.43    0.37
0.49    0.45
0.26    0.27
0.17    0.10
0.07    0.06
0.43    0.27
0.49    0.26
0.38    0.31
0.19    0.15
0.11    0.06
