2.77    1.96
3.18    4.72
4.80    7.15
3.73    6.90
0.81    3.90
1.22    2.11
3.48    3.03
1.83    3.32
11.20   3.24
2.98    1.54
2.14    2.77
0.77    7.30
2.10    5.78
6.22    4.12
2.90    5.31
3.17    4.41
4.19    1.29
4.60    3.07
2.86    2.46
1.68    2.42
1.71    5.19
2.71    2.02
3.69    3.90
0.36    3.40
4.96    8.79
2.36    2.18
7.44    3.98
11.90   5.88
1.82    1.36
3.26    2.86
1.70    4.06
1.86    0.54
12.13   2.98
3.39    3.75
3.93    0.44
4.12    3.63
4.04    2.47
0.97    2.25
2.85    5.46
4.06    12.68
1.34    1.97
1.84    1.93
0.82    3.50
7.34    3.28
7.95    2.79
4.47    4.86
1.71    5.05
5.00    1.23
5.48    6.05
3.31    2.43
2.39    2.09
6.03    3.17
2.21    4.05
2.40    1.36
