2.49    1.14
2.57    3.27
3.02    4.05
2.09    5.44
0.66    2.90
1.18    1.38
2.57    2.90
1.53    2.01
7.10    2.99
2.00    1.10
1.35    2.13
0.43    3.97
1.18    3.55
3.97    2.31
2.28    2.79
2.00    2.41
2.55    0.70
3.13    2.87
2.06    1.87
0.99    2.03
1.14    3.42
1.49    1.35
3.42    3.23
0.25    2.32
4.42    6.43
1.83    2.01
4.71    3.08
8.07    3.35
1.27    1.08
3.12    2.26
1.00    3.60
1.12    0.34
7.64    1.55
3.16    3.29
3.79    0.32
2.81    2.89
3.38    1.64
0.83    1.63
1.85    4.05
3.33    9.35
0.90    1.46
1.63    1.92
0.62    1.97
6.57    3.10
4.46    1.79
3.54    3.23
0.89    4.11
2.94    0.96
4.16    3.99
2.61    2.21
2.00    1.63
4.43    2.78
1.82    2.96
1.90    0.91
