4.92    2.25
4.35    4.13
4.26    3.52
5.46    1.58
1.47    3.88
6.05    13.27
5.40    7.68
3.70    2.41
4.02    8.69
9.12    9.64
5.58    5.39
7.69    3.06
2.12    8.53
2.76    1.51
1.66    8.36
2.93    12.12
4.10    4.90
9.94    11.53
2.55    6.89
3.40    5.74
5.41    3.07
5.71    4.03
6.63    9.33
4.70    1.65
9.21    15.30
7.78    12.68
8.40    1.11
7.79    9.73
5.42    3.91
4.50    7.03
5.78    6.64
6.01    12.57
5.86    5.99
8.36    6.62
2.05    3.02
3.92    6.40
9.45    3.41
20.38   5.78
4.64    4.30
5.15    6.01
4.72    6.87
7.12    9.99
4.84    3.14
9.96    3.29
7.52    6.60
5.39    4.25
4.57    1.68
8.10    6.01
5.97    2.45
9.77    2.13
19.25   7.93
6.69    4.72
8.31    2.54
7.81    11.83
