0.48    9.28
10.22   6.50
21.89   10.95
3.21    8.04
0.90    11.45
7.21    17.37
11.59   10.10
15.89   19.41
14.39   14.26
1.08    19.55
3.62    7.21
15.49   18.54
3.07    11.68
15.85   4.01
5.79    11.83
16.87   11.35
8.53    5.79
14.25   8.69
3.36    7.00
2.86    24.35
17.24   11.87
28.22   12.95
11.65   11.49
4.49    22.37
41.50   21.18
22.62   16.45
18.36   9.41
15.17   11.83
11.50   17.27
15.22   13.59
19.68   6.22
16.77   10.93
20.06   4.31
5.02    18.21
12.87   10.57
10.33   14.73
10.71   7.36
9.04    8.78
4.69    9.74
11.07   15.38
2.91    3.57
22.58   8.06
1.73    5.00
11.70   7.85
14.69   9.95
3.00    24.36
16.25   6.17
15.97   17.92
5.42    1.72
11.88   14.32
24.88   11.23
22.82   3.79
25.63   2.47
13.54   27.43
