1.21    1.81
6.20    3.34
15.00   18.79
3.91    14.65
11.62   3.41
8.83    0.60
5.42    4.13
0.90    8.05
4.47    7.09
2.87    2.14
7.34    11.30
13.29   13.91
8.28    15.01
21.42   15.39
1.48    17.99
9.37    3.61
6.49    0.55
21.29   6.69
13.77   0.84
7.89    13.44
6.97    8.16
9.18    4.55
6.76    10.71
9.47    29.29
9.04    32.45
17.10   31.70
9.08    0.60
10.37   3.26
3.01    0.46
19.37   7.96
8.60    8.84
10.95   10.83
9.08    16.12
5.50    4.32
20.23   15.77
4.85    1.73
12.79   0.57
0.78    6.51
2.20    1.65
2.42    13.45
2.20    3.35
20.48   15.75
2.96    0.47
12.19   4.64
3.17    21.85
13.13   5.35
1.92    0.98
0.30    6.40
8.88    8.88
13.73   0.01
8.47    8.18
5.58    3.50
6.46    2.66
26.75   19.84
