3.79    13.49
4.92    4.68
15.52   8.52
5.72    4.54
3.30    3.24
4.71    14.47
7.23    10.36
8.20    14.74
13.91   8.30
3.07    9.68
6.12    2.11
7.16    8.09
5.33    1.62
5.86    2.18
6.93    6.22
16.79   12.41
10.19   3.32
7.03    3.48
4.63    10.21
3.29    11.49
9.71    10.71
17.68   4.62
6.26    5.70
5.33    9.00
26.21   11.22
13.86   7.33
11.39   11.51
11.47   7.44
5.64    1.71
9.34    7.17
17.33   13.10
7.93    9.15
8.93    6.00
4.37    10.47
10.66   9.61
5.66    16.25
5.13    7.71
2.72    9.23
6.21    12.45
8.46    12.50
3.81    1.05
12.63   11.40
4.21    7.89
14.27   1.11
3.02    5.77
7.15    17.06
6.49    3.22
5.17    12.17
5.46    5.24
8.50    8.38
14.20   8.37
10.59   4.76
15.98   5.56
7.88    14.12
