5.48    3.01
0.88    8.53
7.85    8.08
14.88   5.36
12.36   11.04
15.64   22.18
2.94    11.05
3.54    2.33
0.64    8.87
21.16   20.64
19.43   12.97
15.60   8.92
6.11    9.59
6.11    7.52
1.16    8.78
4.06    22.54
10.04   15.18
13.22   25.52
4.72    1.69
7.61    8.89
7.26    4.92
12.67   7.17
13.22   16.14
9.12    2.00
13.48   26.89
15.16   19.54
9.38    6.96
14.35   16.35
7.13    4.19
4.73    7.92
4.62    17.13
11.16   13.84
13.36   6.25
9.77    3.95
7.52    6.57
5.79    12.60
12.31   4.29
17.38   15.67
7.55    7.63
3.63    8.32
13.84   11.71
11.12   15.97
2.85    7.64
5.21    9.06
1.29    7.94
4.95    0.77
7.12    7.98
12.13   8.68
11.86   5.55
23.49   5.48
33.68   15.93
8.21    5.66
7.11    1.20
9.05    17.87
