3.79    13.49
4.94    4.67
15.47   8.51
5.69    4.56
3.28    3.26
4.72    14.48
7.23    10.36
8.15    14.69
13.85   8.24
3.05    9.62
6.09    2.11
7.15    8.12
5.33    1.62
5.88    2.15
6.90    6.16
16.75   12.38
10.15   3.31
7.01    3.51
4.63    10.22
3.24    11.40
9.69    10.61
17.59   4.59
6.28    5.68
5.29    8.96
26.22   11.22
13.78   7.20
11.30   11.43
11.42   7.47
5.61    1.72
9.36    7.20
17.33   13.10
7.88    9.19
8.87    5.96
4.35    10.44
10.63   9.59
5.65    16.20
5.14    7.71
2.72    9.20
6.16    12.36
8.37    12.45
3.80    1.05
12.60   11.38
4.21    7.90
14.11   1.09
3.04    5.81
7.08    17.00
6.43    3.25
5.17    12.13
5.46    5.24
8.48    8.31
14.01   8.39
10.46   4.83
15.90   5.51
7.85    14.08
