4.28481107610535    4.63
10.0515504178708    10.07
5.65320413071156    5.40
7.23344331551241    4.47
3.31223122873423    0.23
2.79830262025579    19.20
9.56070070114258    2.62
3.01873172844407    5.20
3.40809337770702    0.12
15.5569366309094    4.01
10.095926610235 1.62
0.915717615167184   6.81
0.850512122390758   12.54
22.1738697045212    10.22
3.25430217950507    3.97
10.9876025450977    11.68
7.3585063792203 10.31
2.79587201481842    7.77
2.87863796740531    2.23
1.38278247501922    15.80
6.96969982653292    1.24
5.50983072627877    2.96
1.0127657538016 1.97
7.66052976400358    1.08
0.980857580398167   8.47
1.97365260255018    2.25
4.22353516439193    8.23
6.89461743843908    2.77
3.45484535027938    5.92
13.4373404810751    14.54
6.0521111612254 1.93
18.555236640357 26.40
4.8946329919317 16.52
7.74457263406661    11.66
3.16946227100369    15.51
13.5870352220714    11.75
6.05456019585712    8.33
1.85022620449768    9.58
2.49651410761154    3.37
5.36927480043525    0.74
3.53745541022593    7.25
0.949436505949782   3.00
1.17715245023583    7.54
2.04449064449065    20.37
10.9814957445651    14.35
3.73357331345236    1.84
3.25654424164888    2.38
9.50591757635045    7.26
11.8441699310692    16.44
10.0686383736853    2.72
17.0737586983179    5.54
9.34281337660312    7.84
26.708422472528 11.16
20.8186885942685    5.04
