1.41    1.42
2.42    2.42
4.52    4.54
3.09    3.12
2.62    2.62
1.99    2.00
1.44    1.43
2.46    2.46
4.59    4.60
3.14    3.14
2.66    2.67
2.03    2.03
1.04    1.05
1.80    1.78
3.31    3.33
2.29    2.29
1.93    1.95
1.47    1.47
1.40    1.40
2.38    2.39
4.45    4.48
3.06    3.06
2.58    2.58
1.96    1.98
1.76    1.79
3.01    3.08
5.66    5.65
3.84    3.85
3.24    3.25
2.47    2.47
1.38    1.38
2.37    2.36
4.44    4.40
3.04    3.03
2.56    2.56
1.95    1.94
0.68    0.68
1.20    1.17
2.14    2.15
1.51    1.52
1.26    1.26
0.96    0.95
0.47    0.47
0.83    0.81
1.49    1.48
1.04    1.04
0.87    0.88
0.66    0.65
0.72    0.70
1.22    1.19
2.27    2.20
1.56    1.55
1.31    1.30
0.99    0.98
